
1
11
111
1111
11111
111111
111112
111113
111114
111115
111116
111117
11112
111121
111122
111123
111124
111125
111126
111127
11113
111131
111132
111133
111134
111135
111136
111137
11114
111141
111142
111143
111144
111145
111146
111147
11115
111151
111152
111153
111154
111155
111156
111157
11116
111161
111162
111163
111164
111165
111166
111167
11117
111171
111172
111173
111174
111175
111176
111177
1112
11121
111211
111212
111213
111214
111215
111216
111217
11122
111221
111222
111223
111224
111225
111226
111227
11123
111232
111233
111234
111235
111236
111237
11124
111242
111243
111244
111245
111246
111247
11125
111252
111253
111254
111255
111256
111257
11126
111262
111263
111264
111265
111266
111267
11127
111272
111273
111274
111275
111276
111277
1113
11131
111311
111313
111314
111315
111316
111317
11132
111322
111323
111324
111325
111326
111327
11133
111331
111332
111333
111334
111335
111336
111337
11134
111343
111344
111345
111346
111347
11135
111353
111354
111355
111356
111357
11136
111363
111364
111365
111366
111367
11137
111373
111374
111375
111376
111377
1114
11141
111411
111414
111415
111416
111417
11142
111422
111424
111425
111426
111427
11143
111433
111434
111435
111436
111437
11144
111441
111442
111443
111444
111445
111446
111447
11145
111454
111455
111456
111457
11146
111464
111465
111466
111467
11147
111474
111475
111476
111477
1115
11151
111511
111515
111516
111517
11152
111522
111525
111526
111527
11153
111533
111535
111536
111537
11154
111544
111545
111546
111547
11155
111551
111552
111553
111554
111555
111556
111557
11156
111565
111566
111567
11157
111575
111576
111577
1116
11161
111611
111616
111617
11162
111622
111626
111627
11163
111633
111636
111637
11164
111644
111646
111647
11165
111655
111656
111657
11166
111661
111662
111663
111664
111665
111666
111667
11167
111676
111677
1117
11171
111711
111717
11172
111722
111727
11173
111733
111737
11174
111744
111747
11175
111755
111757
11176
111766
111767
11177
111771
111772
111773
111774
111775
111776
111777
112
1121
11211
112111
112112
112113
112114
112115
112116
112117
11212
112121
112122
112123
112124
112125
112126
112127
11213
112131
112132
112133
112134
112135
112136
112137
11214
112141
112142
112143
112144
112145
112146
112147
11215
112151
112152
112153
112154
112155
112156
112157
11216
112161
112162
112163
112164
112165
112166
112167
11217
112171
112172
112173
112174
112175
112176
112177
1122
11221
112212
11222
112221
112222
112223
112224
112225
112226
112227
11223
112232
112233
112234
112235
112236
112237
11224
112242
112243
112244
112245
112246
112247
11225
112252
112253
112254
112255
112256
112257
11226
112262
112263
112264
112265
112266
112267
11227
112272
112273
112274
112275
112276
112277
1123
11232
112322
112323
112324
112325
112326
112327
11233
112331
112332
112333
112334
112335
112336
112337
11234
112343
112344
112345
112346
112347
11235
112353
112354
112355
112356
112357
11236
112363
112364
112365
112366
112367
11237
112373
112374
112375
112376
112377
1124
11242
112422
112424
112425
112426
112427
11243
112433
112434
112435
112436
112437
11244
112441
112442
112443
112444
112445
112446
112447
11245
112454
112455
112456
112457
11246
112464
112465
112466
112467
11247
112474
112475
112476
112477
1125
11252
112522
112525
112526
112527
11253
112533
112535
112536
112537
11254
112544
112545
112546
112547
11255
112551
112552
112553
112554
112555
112556
112557
11256
112565
112566
112567
11257
112575
112576
112577
1126
11262
112622
112626
112627
11263
112633
112636
112637
11264
112644
112646
112647
11265
112655
112656
112657
11266
112661
112662
112663
112664
112665
112666
112667
11267
112676
112677
1127
11272
112722
112727
11273
112733
112737
11274
112744
112747
11275
112755
112757
11276
112766
112767
11277
112771
112772
112773
112774
112775
112776
112777
113
1131
11311
113111
113112
113113
113114
113115
113116
113117
11313
113131
113132
113133
113134
113135
113136
113137
11314
113141
113142
113143
113144
113145
113146
113147
11315
113151
113152
113153
113154
113155
113156
113157
11316
113161
113162
113163
113164
113165
113166
113167
11317
113171
113172
113173
113174
113175
113176
113177
1132
11322
113221
113222
113223
113224
113225
113226
113227
11323
113232
113233
113234
113235
113236
113237
11324
113242
113243
113244
113245
113246
113247
11325
113252
113253
113254
113255
113256
113257
11326
113262
113263
113264
113265
113266
113267
11327
113272
113273
113274
113275
113276
113277
1133
11331
113313
11332
113323
11333
113331
113332
113333
113334
113335
113336
113337
11334
113343
113344
113345
113346
113347
11335
113353
113354
113355
113356
113357
11336
113363
113364
113365
113366
113367
11337
113373
113374
113375
113376
113377
1134
11343
113433
113434
113435
113436
113437
11344
113441
113442
113443
113444
113445
113446
113447
11345
113454
113455
113456
113457
11346
113464
113465
113466
113467
11347
113474
113475
113476
113477
1135
11353
113533
113535
113536
113537
11354
113544
113545
113546
113547
11355
113551
113552
113553
113554
113555
113556
113557
11356
113565
113566
113567
11357
113575
113576
113577
1136
11363
113633
113636
113637
11364
113644
113646
113647
11365
113655
113656
113657
11366
113661
113662
113663
113664
113665
113666
113667
11367
113676
113677
1137
11373
113733
113737
11374
113744
113747
11375
113755
113757
11376
113766
113767
11377
113771
113772
113773
113774
113775
113776
113777
114
1141
11411
114111
114112
114113
114114
114115
114116
114117
11414
114141
114142
114143
114144
114145
114146
114147
11415
114151
114152
114153
114154
114155
114156
114157
11416
114161
114162
114163
114164
114165
114166
114167
11417
114171
114172
114173
114174
114175
114176
114177
1142
11422
114221
114222
114223
114224
114225
114226
114227
11424
114242
114243
114244
114245
114246
114247
11425
114252
114253
114254
114255
114256
114257
11426
114262
114263
114264
114265
114266
114267
11427
114272
114273
114274
114275
114276
114277
1143
11433
114331
114332
114333
114334
114335
114336
114337
11434
114343
114344
114345
114346
114347
11435
114353
114354
114355
114356
114357
11436
114363
114364
114365
114366
114367
11437
114373
114374
114375
114376
114377
1144
11441
114414
11442
114424
11443
114434
11444
114441
114442
114443
114444
114445
114446
114447
11445
114454
114455
114456
114457
11446
114464
114465
114466
114467
11447
114474
114475
114476
114477
1145
11454
114544
114545
114546
114547
11455
114551
114552
114553
114554
114555
114556
114557
11456
114565
114566
114567
11457
114575
114576
1146
11464
114644
114646
114647
11465
114655
114656
114657
11466
114661
114662
114663
114664
114665
114666
114667
11467
114676
1147
11474
114744
114747
11475
114755
114757
11476
114766
114767
11477
114771
114772
114773
114774
114775
114776
114777
115
1151
11511
115111
115112
115113
115114
115115
115116
115117
11515
115151
115152
115153
115154
115155
115156
115157
11516
115161
115162
115163
115164
115165
115166
115167
11517
115171
115172
115173
115174
115175
115176
115177
1152
11522
115221
115222
115223
115224
115225
115226
115227
11525
115252
115253
115254
115255
115256
115257
11526
115262
115263
115264
115265
115266
115267
11527
115272
115273
115274
115275
115276
1153
11533
115331
115332
115333
115334
115335
115336
115337
11535
115353
115354
115355
115356
115357
11536
115363
115364
115365
115366
115367
11537
115373
115374
115375
115376
1154
11544
115441
115442
115443
115444
115445
115446
115447
11545
115454
115455
115456
115457
11546
115464
115465
115466
115467
11547
115474
115475
115476
1155
11551
115515
11552
115525
11553
115535
11554
115545
11555
115551
115552
115553
115554
115555
115556
115557
11556
115565
115566
115567
11557
115575
115576
1156
11565
115655
115656
115657
11566
115661
115662
115663
115664
115665
115666
115667
11567
115676
1157
11575
115755
115757
11576
115766
115767
11577
115771
115772
115773
115774
115775
115776
115777
116
1161
11611
116111
116112
116113
116114
116115
116116
116117
11616
116161
116162
116163
116164
116165
116166
116167
11617
116171
116172
116173
116174
116175
116176
116177
1162
11622
116221
116222
116223
116224
116225
116226
116227
11626
116262
116263
116264
116265
116266
116267
11627
116272
116273
116274
116275
116276
1163
11633
116331
116332
116333
116334
116335
116336
116337
11636
116363
116364
116365
116366
116367
11637
116373
116374
116375
116376
1164
11644
116441
116442
116443
116444
116445
116446
116447
11646
116464
116465
116466
116467
11647
116474
116475
116476
1165
11655
116551
116552
116553
116554
116555
116556
116557
11656
116565
116566
116567
11657
116575
116576
1166
11661
116616
11662
116626
11663
116636
11664
116646
11665
116656
11666
116661
116662
116663
116664
116665
116666
116667
11667
116676
1167
11676
116766
116767
11677
116771
116772
116773
116774
116775
116776
116777
117
1171
11711
117111
117112
117113
117114
117115
117116
117117
11717
117171
117172
117173
117174
117175
117176
117177
1172
11722
117221
117222
117223
117224
117225
117226
117227
11727
117272
117273
117274
117275
117276
117277
1173
11733
117331
117332
117333
117334
117335
117336
117337
11737
117373
117374
117375
117376
117377
1174
11744
117441
117442
117443
117444
117445
117446
117447
11747
117474
117475
117476
117477
1175
11755
117551
117552
117553
117554
117555
117556
11757
117575
117576
117577
1176
11766
117661
117662
117663
117664
117665
117666
11767
117676
117677
1177
11771
117717
11772
11773
11774
12
121
1211
12111
121111
121112
121113
121114
121115
121116
121117
12112
121121
121122
121123
121124
121125
121126
121127
12113
121131
121132
121133
121134
121135
121136
121137
12114
121141
121142
121143
121144
121145
121146
121147
12115
121151
121152
121153
121154
121155
121156
121157
12116
121161
121162
121163
121164
121165
121166
121167
12117
121171
121172
121173
121174
121175
121176
1212
12121
121211
121212
121213
121214
121215
121216
121217
12122
121221
121222
121223
121224
121225
121226
121227
12123
121232
121233
121234
121235
121236
121237
12124
121242
121243
121244
121245
121246
121247
12125
121252
121253
121254
121255
121256
121257
12126
121262
121263
121264
121265
121266
121267
12127
121272
121273
121274
121275
121276
1213
12131
121311
121313
121314
121315
121316
121317
12132
121322
121323
121324
121325
121326
121327
12133
121331
121332
121333
121334
121335
121336
121337
12134
121343
121344
121345
121346
121347
12135
121353
121354
121355
121356
121357
12136
121363
121364
121365
121366
121367
12137
121373
121374
121375
121376
1214
12141
121411
121414
121415
121416
121417
12142
121422
121424
121425
121426
121427
12143
121433
121434
121435
121436
121437
12144
121441
121442
121443
121444
121445
121446
121447
12145
121454
121455
121456
121457
12146
121464
121465
121466
121467
12147
121474
121475
121476
1215
12151
121511
121515
121516
121517
12152
121522
121525
121526
121527
12153
121533
121535
121536
121537
12154
121544
121545
121546
121547
12155
121551
121552
121553
121554
121555
121556
121557
12156
121565
121566
121567
12157
121575
121576
1216
12161
121611
121616
121617
12162
121622
121626
121627
12163
121633
121636
121637
12164
121644
121646
121647
12165
121655
121656
121657
12166
121661
121662
121663
121664
121665
121666
121667
12167
121676
1217
12171
121711
121717
12172
121722
121727
12173
121733
121737
12174
121744
121747
12175
121755
121757
12176
121766
121767
12177
121771
121772
121773
121774
121775
121776
121777
122
1221
12212
122121
122122
122123
122124
122125
122126
122127
1222
12221
122212
12222
122221
122222
122223
122224
122225
122226
122227
12223
122232
122233
122234
122235
122236
122237
12224
122242
122243
122244
122245
122246
122247
12225
122252
122253
122254
122255
122256
122257
12226
122262
122263
122264
122265
122266
122267
12227
122272
122273
122274
122275
122276
1223
12232
122322
122323
122324
122325
122326
122327
12233
122331
122332
122333
122334
122335
122336
122337
12234
122343
122344
122345
122346
122347
12235
122353
122354
122355
122356
122357
12236
122363
122364
122365
122366
122367
12237
122373
122374
122375
122376
1224
12242
122422
122424
122425
122426
122427
12243
122433
122434
122435
122436
122437
12244
122441
122442
122443
122444
122445
122446
122447
12245
122454
122455
122456
122457
12246
122464
122465
122466
122467
12247
122474
122475
122476
1225
12252
122522
122525
122526
122527
12253
122533
122535
122536
122537
12254
122544
122545
122546
122547
12255
122551
122552
122553
122554
122555
122556
122557
12256
122565
122566
122567
12257
122575
122576
1226
12262
122622
122626
122627
12263
122633
122636
122637
12264
122644
122646
122647
12265
122655
122656
122657
12266
122661
122662
122663
122664
122665
122666
122667
12267
122676
1227
12272
122722
122727
12273
122733
122737
12274
122744
122747
12275
122755
122757
12276
122766
122767
12277
122771
122772
122773
122774
122775
122776
122777
123
1232
12322
123221
123222
123223
123224
123225
123226
123227
12323
123232
123233
123234
123235
123236
123237
12324
123242
123243
123244
123245
123246
123247
12325
123252
123253
123254
123255
123256
123257
12326
123262
123263
123264
123265
123266
123267
12327
123272
123273
123274
123275
123276
1233
12331
123313
12332
123323
12333
123332
123333
123334
123335
123336
123337
12334
123343
123344
123345
123346
123347
12335
123353
123354
123355
123356
123357
12336
123363
123364
123365
123366
123367
12337
123373
123374
123375
123376
1234
12343
123433
123434
123435
123436
123437
12344
123442
123443
123444
123445
123446
123447
12345
123454
123455
123456
123457
12346
123464
123465
123466
123467
12347
123474
123475
123476
1235
12353
123533
123535
123536
123537
12354
123544
123545
123546
123547
12355
123552
123553
123554
123555
123556
123557
12356
123565
123566
123567
12357
123575
123576
1236
12363
123633
123636
123637
12364
123644
123646
123647
12365
123655
123656
123657
12366
123662
123663
123664
123665
123666
123667
12367
123676
1237
12373
123733
123737
12374
123744
123747
12375
123755
123757
12376
123766
123767
12377
123772
123773
123774
123775
123776
123777
124
1242
12422
124221
124222
124223
124224
124225
124226
124227
12424
124242
124243
124244
124245
124246
124247
12425
124252
124253
124254
124255
124256
124257
12426
124262
124263
124264
124265
124266
124267
12427
124272
124273
124274
124275
124276
1243
12433
124332
124333
124334
124335
124336
124337
12434
124343
124344
124345
124346
124347
12435
124353
124354
124355
124356
124357
12436
124363
124364
124365
124366
124367
12437
124373
124374
124375
124376
1244
12441
124414
12442
124424
12443
124434
12444
124442
124443
124444
124445
124446
124447
12445
124454
124455
124456
124457
12446
124464
124465
124466
124467
12447
124474
124475
124476
1245
12454
124544
124545
124546
124547
12455
124552
124553
124554
124555
124556
124557
12456
124565
124566
124567
12457
124575
1246
12464
124644
124646
124647
12465
124655
124656
124657
12466
124662
124663
124664
124665
124666
124667
12467
1247
12474
124744
124747
12475
124755
124757
12476
124766
124767
12477
124772
124773
124774
124775
124776
124777
125
1252
12522
125221
125222
125223
125224
125225
125226
125227
12525
125252
125253
125254
125255
125256
125257
12526
125262
125263
125264
125265
125266
125267
12527
125272
125273
125274
125275
1253
12533
125332
125333
125334
125335
125336
125337
12535
125353
125354
125355
125356
125357
12536
125363
125364
125365
125366
125367
12537
125373
125374
125375
1254
12544
125442
125443
125444
125445
125446
125447
12545
125454
125455
125456
125457
12546
125464
125465
125466
125467
12547
125474
125475
1255
12551
125515
12552
125525
12553
125535
12554
125545
12555
125552
125553
125554
125555
125556
125557
12556
125565
125566
125567
12557
125575
1256
12565
125655
125656
125657
12566
125662
125663
125664
125665
125666
125667
1257
12575
125755
125757
12576
125766
125767
12577
125772
125773
125774
125775
125776
125777
126
1262
12622
126221
126222
126223
126224
126225
126226
126227
12626
126262
126263
126264
126265
126266
126267
12627
126272
126273
126274
126275
126276
1263
12633
126332
126333
126334
126335
126336
126337
12636
126363
126364
126365
126366
126367
12637
126373
126374
126375
126376
1264
12644
126442
126443
126444
126445
126446
126447
12646
126464
126465
126466
126467
12647
126474
126475
126476
1265
12655
126552
126553
126554
126555
126556
126557
12656
126565
126566
126567
12657
126575
126576
1266
12661
126616
12662
126626
12663
126636
12664
126646
12665
126656
12666
126662
126663
126664
126665
126666
126667
12667
126676
1267
12676
126766
126767
12677
126772
126773
126774
126775
126776
126777
127
1272
12722
127221
127222
127223
127224
127225
127226
127227
12727
127272
127273
127274
127275
127277
1273
12733
127332
127333
127334
127335
127336
12737
127373
127374
127375
127377
1274
12744
127442
127443
127444
127445
127446
12747
127474
127475
127477
1275
12755
127552
127553
127554
127555
12757
127575
127577
1276
13
131
1311
13111
131111
131113
131114
131115
131116
131117
13112
131121
131122
131123
131124
131125
131126
131127
13113
131131
131133
131134
131135
131136
131137
13114
131141
131143
131144
131145
131146
131147
13115
131151
131153
131154
131155
131156
131157
13116
131161
131163
131164
131165
131166
131167
13117
131171
131173
131174
131175
1313
13131
131311
131313
131314
131315
131316
131317
13132
131322
131323
131324
131325
131326
131327
13133
131331
131332
131333
131334
131335
131336
131337
13134
131343
131344
131345
131346
131347
13135
131353
131354
131355
131356
131357
13136
131363
131364
131365
131366
131367
13137
131373
131374
131375
1314
13141
131411
131414
131415
131416
131417
13142
131422
131424
131425
131426
131427
13143
131433
131434
131435
131436
131437
13144
131441
131443
131444
131445
131446
131447
13145
131454
131455
131456
131457
13146
131464
131465
131466
131467
13147
131474
131475
1315
13151
131511
131515
131516
131517
13152
131522
131525
131526
131527
13153
131533
131535
131536
131537
13154
131544
131545
131546
131547
13155
131551
131553
131554
131555
131556
131557
13156
131565
131566
131567
13157
131575
1316
13161
131611
131616
131617
13162
131622
131626
131627
13163
131633
131636
131637
13164
131644
131646
131647
13165
131655
131656
131657
13166
131661
131663
131664
131665
131666
131667
1317
13171
131711
131717
13172
131722
131727
13173
131733
131737
13174
131744
131747
13175
131755
131757
13176
131766
131767
13177
131771
131773
131774
131775
131776
131777
132
1322
13221
132212
13222
132222
132223
132224
132225
132226
132227
13223
132232
132233
132234
132235
132236
132237
13224
132242
132243
132244
132245
132246
132247
13225
132252
132253
132254
132255
132256
132257
13226
132262
132263
132264
132265
132266
132267
13227
132272
132273
132274
132275
1323
13232
132322
132323
132324
132325
132326
132327
13233
132331
132332
132333
132334
132335
132336
132337
13234
132343
132344
132345
132346
132347
13235
132353
132354
132355
132356
132357
13236
132363
132364
132365
132366
132367
13237
132373
132374
132375
1324
13242
132422
132424
132425
132426
132427
13243
132433
132434
132435
132436
132437
13244
132442
132443
132444
132445
132446
132447
13245
132454
132455
132456
132457
13246
132464
132465
132466
132467
13247
132474
132475
1325
13252
132522
132525
132526
132527
13253
132533
132535
132536
132537
13254
132544
132545
132546
132547
13255
132552
132553
132554
132555
132556
132557
13256
132565
132566
132567
13257
132575
1326
13262
132622
132626
132627
13263
132633
132636
132637
13264
132644
132646
132647
13265
132655
132656
132657
13266
132662
132663
132664
132665
132666
132667
1327
13272
132722
132727
13273
132733
132737
13274
132744
132747
13275
132755
132757
13276
132766
132767
13277
132772
132773
132774
132775
132776
132777
133
1331
13313
133131
133132
133133
133134
133135
133136
133137
1332
13323
133232
133233
133234
133235
133236
133237
1333
13331
133313
13332
133323
13333
133331
133332
133333
133334
133335
133336
133337
13334
133343
133344
133345
133346
133347
13335
133353
133354
133355
133356
133357
13336
133363
133364
133365
133366
133367
13337
133373
133374
133375
1334
13343
133433
133434
133435
133436
133437
13344
133441
133442
133443
133444
133445
133446
133447
13345
133454
133455
133456
133457
13346
133464
133465
133466
133467
13347
133474
133475
1335
13353
133533
133535
133536
133537
13354
133544
133545
133546
133547
13355
133551
133552
133553
133554
133555
133556
133557
13356
133565
133566
133567
13357
133575
1336
13363
133633
133636
133637
13364
133644
133646
133647
13365
133655
133656
133657
13366
133661
133662
133663
133664
133665
133666
133667
1337
13373
133733
133737
13374
133744
133747
13375
133755
133757
13376
133766
133767
13377
133771
133772
133773
133774
133775
133776
133777
134
1343
13433
134331
134332
134333
134334
134335
134336
134337
13434
134343
134344
134345
134346
134347
13435
134353
134354
134355
134356
134357
13436
134363
134364
134365
134366
134367
13437
134373
134374
134375
1344
13441
134414
13442
134424
13443
134434
13444
134443
134444
134445
134446
134447
13445
134454
134455
134456
134457
13446
134464
134465
134466
134467
13447
134474
134475
1345
13454
134544
134545
134546
134547
13455
134553
134554
134555
134556
134557
13456
134565
134566
134567
13457
1346
13464
134644
134646
134647
13465
134655
134656
134657
13466
134663
134664
134665
134666
134667
1347
13474
134744
134747
13475
134755
134757
13476
134766
134767
13477
134773
134774
134775
134776
134777
135
1353
13533
135331
135332
135333
135334
135335
135336
135337
13535
135353
135354
135355
135356
135357
13536
135363
135364
135365
135366
135367
13537
135373
135374
135375
1354
13544
135443
135444
135445
135446
135447
13545
135454
135455
135456
135457
13546
135464
135465
135466
135467
13547
135474
135475
1355
13551
135515
13552
135525
13553
135535
13554
135545
13555
135553
135554
135555
135556
135557
13556
135565
135566
135567
13557
135575
1356
13565
135655
135656
135657
13566
135663
135664
135665
135666
135667
1357
13575
135755
135757
13576
135766
135767
13577
135773
135774
135775
135776
135777
136
1363
13633
136331
136332
136333
136334
136335
136336
136337
13636
136363
136364
136365
136366
136367
13637
136373
136374
136376
1364
13644
136443
136444
136445
136446
136447
13646
136464
136465
136466
136467
13647
136474
136476
1365
13655
136553
136554
136555
136556
136557
13656
136565
136566
136567
1366
13661
136616
13662
136626
13663
136636
13664
136646
13665
136656
13666
136663
136664
136665
136666
136667
13667
136676
1367
13676
136766
136767
13677
136773
136774
136775
136776
136777
137
1373
13733
137331
137332
137333
137334
137335
137336
137337
13737
137373
137374
137377
1374
13744
137443
137444
137445
13747
137474
137477
1375
14
141
1411
14111
141111
141114
141115
141116
141117
14112
141121
141122
141124
141125
141126
141127
14113
141131
141133
141134
141135
141136
141137
14114
141141
141144
141145
141146
141147
14115
141151
141154
141155
141156
141157
14116
141161
141164
141165
141166
141167
14117
141171
141174
1414
14141
141411
141414
141415
141416
141417
14142
141422
141424
141425
141426
141427
14143
141433
141434
141435
141436
141437
14144
141441
141442
141443
141444
141445
141446
141447
14145
141454
141455
141456
141457
14146
141464
141465
141466
141467
14147
141474
1415
14151
141511
141515
141516
141517
14152
141522
141525
141526
141527
14153
141533
141535
141536
141537
14154
141544
141545
141546
141547
14155
141551
141554
141555
141556
141557
14156
141565
141566
141567
1416
14161
141611
141616
141617
14162
141622
141626
141627
14163
141633
141636
141637
14164
141644
141646
141647
14165
141655
141656
141657
14166
141661
141664
141665
141666
141667
1417
14171
141711
141717
14172
141722
141727
14173
141733
141737
14174
141744
141747
14175
141755
141757
14176
141766
141767
14177
141771
141774
141775
141776
141777
142
1422
14221
142212
14222
142222
142224
142225
142226
142227
14223
142232
142233
142234
142235
142236
142237
14224
142242
142244
142245
142246
142247
14225
142252
142254
142255
142256
142257
14226
142262
142264
142265
142266
142267
14227
142272
142274
1424
14242
142422
142424
142425
142426
142427
14243
142433
142434
142435
142436
142437
14244
142441
142442
142443
142444
142445
142446
142447
14245
142454
142455
142456
142457
14246
142464
142465
142466
142467
14247
142474
1425
14252
142522
142525
142526
142527
14253
142533
142535
142536
142537
14254
142544
142545
142546
142547
14255
142552
142554
142555
142556
142557
14256
142565
142566
142567
1426
14262
142622
142626
142627
14263
142633
142636
142637
14264
142644
142646
142647
14265
142655
142656
142657
14266
142662
142664
142665
142666
142667
1427
14272
142722
142727
14273
142733
142737
14274
142744
142747
14275
142755
142757
14276
142766
142767
14277
142772
142774
142775
142776
142777
143
1433
14331
143313
14332
143323
14333
143333
143334
143335
143336
143337
14334
143343
143344
143345
143346
143347
14335
143353
143354
143355
143356
143357
14336
143363
143364
143365
143366
143367
14337
143373
143374
1434
14343
143433
143434
143435
143436
143437
14344
143441
143442
143443
143444
143445
143446
143447
14345
143454
143455
143456
143457
14346
143464
143465
143466
143467
14347
143474
1435
14353
143533
143535
143536
143537
14354
143544
143545
143546
143547
14355
143553
143554
143555
143556
143557
14356
143565
143566
143567
1436
14363
143633
143636
143637
14364
143644
143646
143647
14365
143655
143656
143657
14366
143663
143664
143665
143666
143667
1437
14373
143733
143737
14374
143744
143747
14375
143755
143757
14376
143766
143767
14377
143773
143774
143775
143776
143777
144
1441
14414
144141
144142
144143
144144
144145
144146
144147
1442
14424
144242
144243
144244
144245
144246
144247
1443
14434
144343
144344
144345
144346
144347
1444
14441
144414
14442
144424
14443
144434
14444
144441
144442
144443
144444
144445
144446
144447
14445
144454
144455
144456
144457
14446
144464
144465
144466
144467
14447
144474
1445
14454
144544
144545
144546
144547
14455
144551
144552
144553
144554
144555
144556
144557
14456
144565
144566
144567
1446
14464
144644
144646
144647
14465
144655
144656
144657
14466
144661
144662
144663
144664
144665
144666
144667
1447
14474
144744
144747
14475
144755
144757
14476
144766
144767
14477
144771
144772
144773
144774
144775
144776
144777
145
1454
14544
145441
145442
145443
145444
145445
145446
145447
14545
145454
145455
145456
145457
14546
145464
145465
145466
145467
1455
14551
145515
14552
145525
14553
145535
14554
145545
14555
145554
145555
145556
145557
14556
145565
145566
145567
1456
14565
145655
145656
145657
14566
145664
145665
145666
145667
1457
14575
145755
145757
14576
145766
145767
14577
145774
145775
145776
145777
146
1464
14644
146441
146442
146443
146444
146445
146446
146447
14646
146464
146465
146466
146467
1465
14655
146554
146555
146556
146557
14656
146565
146566
146567
1466
14661
146616
14662
146626
14663
146636
14664
146646
14665
146656
14666
146664
146665
146666
146667
1467
14676
146766
146767
14677
146774
146775
146776
146777
147
1474
14744
147441
147442
147443
147444
15
151
1511
15111
151111
151115
151116
151117
15112
151121
151122
151125
151126
151127
15113
151131
151133
151135
151136
151137
15114
151141
151144
151145
151146
151147
15115
151151
151155
151156
151157
15116
151161
151165
151166
151167
15117
151171
1515
15151
151511
151515
151516
151517
15152
151522
151525
151526
151527
15153
151533
151535
151536
151537
15154
151544
151545
151546
151547
15155
151551
151552
151553
151554
151555
151556
151557
15156
151565
151566
151567
1516
15161
151611
151616
151617
15162
151622
151626
151627
15163
151633
151636
151637
15164
151644
151646
151647
15165
151655
151656
151657
15166
151661
151665
151666
151667
1517
15171
151711
151717
15172
151722
151727
15173
151733
151737
15174
151744
151747
15175
151755
151757
15176
151766
151767
15177
151771
151775
151776
151777
152
1522
15221
152212
15222
152222
152225
152226
152227
15223
152232
152233
152235
152236
152237
15224
152242
152244
152245
152246
152247
15225
152252
152255
152256
152257
15226
152262
152265
152266
152267
1525
15252
152522
152525
152526
152527
15253
152533
152535
152536
152537
15254
152544
152545
152546
152547
15255
152551
152552
152553
152554
152555
152556
152557
15256
152565
152566
152567
1526
15262
152622
152626
152627
15263
152633
152636
152637
15264
152644
152646
152647
15265
152655
152656
152657
15266
152662
152665
152666
152667
1527
15272
152722
152727
15273
152733
152737
15274
152744
152747
15275
152755
152757
15276
152766
152767
15277
152772
152775
152776
152777
153
1533
15331
153313
15332
153323
15333
153333
153335
153336
153337
15334
153343
153344
153345
153346
153347
15335
153353
153355
153356
153357
15336
153363
153365
153366
153367
1535
15353
153533
153535
153536
153537
15354
153544
153545
153546
153547
15355
153551
153552
153553
153554
153555
153556
153557
15356
153565
153566
153567
1536
15363
153633
153636
153637
15364
153644
153646
153647
15365
153655
153656
153657
15366
153663
153665
153666
153667
1537
15373
153733
153737
15374
153744
153747
15375
153755
153757
15376
153766
153767
15377
153773
153775
153776
153777
154
1544
15441
154414
15442
154424
15443
154434
15444
154444
154445
154446
154447
15445
154454
154455
154456
154457
15446
154464
154465
154466
154467
1545
15454
154544
154545
154546
154547
15455
154551
154552
154553
154554
154555
154556
154557
15456
154565
154566
154567
1546
15464
154644
154646
154647
15465
154655
154656
154657
15466
154664
154665
154666
154667
1547
15474
154744
154747
15475
154755
154757
15476
154766
154767
15477
154774
154775
154776
154777
155
1551
15515
155151
155152
155153
155154
155155
155156
155157
1552
15525
155252
155253
155254
155255
155256
155257
1553
15535
155353
155354
155355
155356
155357
1554
15545
155454
155455
155456
155457
1555
15551
155515
15552
155525
15553
155535
15554
155545
15555
155551
155552
155553
155554
155555
155556
155557
15556
155565
155566
155567
1556
15565
155655
155656
155657
15566
155661
155662
155663
155664
155665
155666
155667
1557
15575
155755
155757
15576
155766
155767
15577
155771
155772
155773
155774
155775
155776
155777
156
1565
15655
156551
156552
156553
156554
156555
156556
156557
15656
156565
156566
156567
1566
15661
156616
15662
156626
15663
156636
15664
156646
15665
156656
15666
156665
156666
156667
1567
15676
156766
156767
15677
156775
156776
156777
16
161
1611
16111
161111
161116
161117
16112
161121
161122
161126
161127
16113
161131
161133
161136
161137
16114
161141
161144
161146
161147
16115
161151
161155
161156
161157
16116
161161
161166
161167
16117
161171
1616
16161
161611
161616
161617
16162
161622
161626
161627
16163
161633
161636
161637
16164
161644
161646
161647
16165
161655
161656
161657
16166
161661
161662
161663
161664
161665
161666
161667
1617
16171
161711
161717
16172
161722
161727
16173
161733
161737
16174
161744
161747
16175
161755
161757
16176
161766
161767
16177
161771
161776
161777
162
1622
16221
162212
16222
162222
162226
162227
16223
162232
162233
162236
162237
16224
162242
162244
162246
162247
16225
162252
162255
162256
162257
16226
162262
162266
162267
1626
16262
162622
162626
162627
16263
162633
162636
162637
16264
162644
162646
162647
16265
162655
162656
162657
16266
162661
162662
162663
162664
162665
162666
162667
1627
16272
162722
162727
16273
162733
162737
16274
162744
162747
16275
162755
162757
16276
162766
162767
16277
162772
162776
162777
163
1633
16331
163313
16332
163323
16333
163333
163336
163337
16334
163343
163344
163346
163347
16335
163353
163355
163356
163357
16336
163363
163366
163367
1636
16363
163633
163636
163637
16364
163644
163646
163647
16365
163655
163656
163657
16366
163661
163662
163663
163664
163665
163666
163667
1637
16373
163733
163737
16374
163744
163747
16375
163755
163757
16376
163766
163767
16377
163773
163776
163777
164
1644
16441
164414
16442
164424
16443
164434
16444
164444
164446
164447
16445
164454
164455
164456
164457
16446
164464
164466
164467
1646
16464
164644
164646
164647
16465
164655
164656
164657
16466
164661
164662
164663
164664
164665
164666
164667
1647
16474
164744
164747
16475
164755
164757
16476
164766
164767
16477
164774
164776
164777
165
1655
16551
165515
16552
165525
16553
165535
16554
165545
16555
165555
165556
165557
16556
165565
165566
165567
1656
16565
165655
165656
165657
16566
165661
165662
165663
165664
165665
165666
165667
1657
16575
165755
165757
16576
165766
165767
16577
165775
165776
165777
166
1661
16616
166161
166162
166163
166164
166165
166166
166167
1662
16626
166262
166263
166264
166265
166266
166267
1663
16636
166363
166364
166365
166366
166367
1664
16646
166464
166465
166466
166467
1665
16656
166565
166566
166567
1666
16661
166616
16662
166626
16663
166636
16664
166646
16665
166656
16666
166661
166662
166663
166664
166665
166666
166667
1667
16676
166766
166767
16677
166771
166772
166773
166774
166775
166776
166777
17
171
1711
17111
171111
171117
17112
171121
171122
171127
17113
171131
171133
171137
17114
171141
171144
171147
17115
171151
171155
171157
17116
171161
171166
171167
17117
171171
171177
1717
17171
171711
171717
17172
171722
171727
17173
171733
171737
17174
171744
171747
17175
171755
171757
17176
171766
171767
17177
171771
171772
171773
171774
171775
171776
171777
172
1722
17221
172212
17222
172222
172227
17223
172232
172233
172237
17224
172242
172244
172247
17225
172252
172255
172257
17226
172262
172266
172267
17227
172272
172277
1727
17272
172722
172727
17273
172733
172737
17274
172744
172747
17275
172755
172757
17276
172766
172767
17277
172771
172772
172773
172774
172775
172776
172777
173
1733
17331
173313
17332
173323
17333
173333
173337
17334
173343
173344
173347
17335
173353
173355
173357
17336
173363
173366
173367
17337
173373
173377
1737
17373
173733
173737
17374
173744
173747
17375
173755
173757
17376
173766
173767
17377
173771
173772
173773
173774
173775
173776
173777
174
1744
17441
174414
17442
174424
17443
174434
17444
174444
174447
17445
174454
174455
174457
17446
174464
174466
174467
17447
174474
174477
1747
17474
174744
174747
17475
174755
174757
17476
174766
174767
17477
174771
174772
174773
174774
174775
174776
174777
175
1755
17551
175515
17552
175525
17553
175535
17554
175545
17555
175555
175557
17556
175565
175566
175567
17557
175575
175577
1757
17575
175755
175757
17576
175766
175767
17577
175771
175772
175773
175774
175775
175776
175777
176
1766
17661
176616
17662
176626
17663
176636
17664
176646
17665
176656
17666
176666
176667
17667
176676
176677
1767
17676
176766
176767
17677
176771
176772
176773
176774
176775
176776
176777
177
1771
17717
177171
177172
177173
177174
177175
177176
177177
1772
17727
177272
177273
177274
177275
177276
177277
1773
17737
177373
177374
177375
177376
177377
1774
17747
177474
177475
177476
177477
1775
17757
177575
177576
177577
1776
17767
177676
177677
1777
17771
177717
17772
177727
17773
177737
17774
177747
17775
177757
17776
177767
17777
177771
177772
177773
177774
177775
177776
177777
2
21
211
2111
21111
211111
211112
211113
211114
211115
211116
211117
21112
211121
211122
211123
211124
211125
211126
211127
21113
211131
211132
211133
211134
211135
211136
211137
21114
211141
211142
211143
211144
211145
211146
211147
21115
211151
211152
211153
211154
211155
211156
211157
21116
211161
211162
211163
211164
211165
211166
211167
2112
21121
211211
211212
211213
211214
211215
211216
211217
21122
211221
211222
211223
211224
211225
211226
211227
21123
211232
211233
211234
211235
211236
211237
21124
211242
211243
211244
211245
211246
211247
21125
211252
211253
211254
211255
211256
211257
21126
211262
211263
211264
211265
211266
211267
2113
21131
211311
211313
211314
211315
211316
211317
21132
211322
211323
211324
211325
211326
211327
21133
211331
211332
211333
211334
211335
211336
211337
21134
211343
211344
211345
211346
211347
21135
211353
211354
211355
211356
211357
21136
211363
211364
211365
211366
211367
2114
21141
211411
211414
211415
211416
211417
21142
211422
211424
211425
211426
211427
21143
211433
211434
211435
211436
211437
21144
211441
211442
211443
211444
211445
211446
211447
21145
211454
211455
211456
211457
21146
211464
211465
211466
211467
2115
21151
211511
211515
211516
211517
21152
211522
211525
211526
211527
21153
211533
211535
211536
211537
21154
211544
211545
211546
211547
21155
211551
211552
211553
211554
211555
211556
211557
21156
211565
211566
211567
2116
21161
211611
211616
211617
21162
211622
211626
211627
21163
211633
211636
211637
21164
211644
211646
211647
21165
211655
211656
211657
21166
211661
211662
211663
211664
211665
211666
211667
2117
21171
211711
211717
21172
211722
211727
21173
211733
211737
21174
211744
211747
21175
211755
211757
21176
211766
211767
21177
211771
211772
211773
211774
211775
211776
211777
212
2121
21211
212111
212112
212113
212114
212115
212116
212117
21212
212121
212122
212123
212124
212125
212126
212127
21213
212131
212132
212133
212134
212135
212136
212137
21214
212141
212142
212143
212144
212145
212146
212147
21215
212151
212152
212153
212154
212155
212156
212157
21216
212161
212162
212163
212164
212165
212166
212167
2122
21221
212212
21222
212221
212222
212223
212224
212225
212226
212227
21223
212232
212233
212234
212235
212236
212237
21224
212242
212243
212244
212245
212246
212247
21225
212252
212253
212254
212255
212256
212257
21226
212262
212263
212264
212265
212266
212267
21227
212272
2123
21232
212322
212323
212324
212325
212326
212327
21233
212331
212332
212333
212334
212335
212336
212337
21234
212343
212344
212345
212346
212347
21235
212353
212354
212355
212356
212357
21236
212363
212364
212365
212366
212367
2124
21242
212422
212424
212425
212426
212427
21243
212433
212434
212435
212436
212437
21244
212441
212442
212443
212444
212445
212446
212447
21245
212454
212455
212456
212457
21246
212464
212465
212466
212467
2125
21252
212522
212525
212526
212527
21253
212533
212535
212536
212537
21254
212544
212545
212546
212547
21255
212551
212552
212553
212554
212555
212556
212557
21256
212565
212566
212567
2126
21262
212622
212626
212627
21263
212633
212636
212637
21264
212644
212646
212647
21265
212655
212656
212657
21266
212661
212662
212663
212664
212665
212666
212667
2127
21272
212722
212727
21273
212733
212737
21274
212744
212747
21275
212755
212757
21276
212766
212767
21277
212771
212772
212773
212774
212775
212776
212777
213
2131
21311
213111
213112
213113
213114
213115
213116
213117
21313
213131
213132
213133
213134
213135
213136
213137
21314
213141
213142
213143
213144
213145
213146
213147
21315
213151
213152
213153
213154
213155
213156
213157
21316
213161
213162
213163
213164
213165
213166
213167
2132
21322
213221
213222
213223
213224
213225
213226
213227
21323
213232
213233
213234
213235
213236
213237
21324
213242
213243
213244
213245
213246
213247
21325
213252
213253
213254
213255
213256
213257
21326
213262
213263
213264
213265
213266
213267
2133
21331
213313
21332
213323
21333
213331
213332
213333
213334
213335
213336
213337
21334
213343
213344
213345
213346
213347
21335
213353
213354
213355
213356
213357
21336
213363
213364
213365
213366
213367
2134
21343
213433
213434
213435
213436
213437
21344
213441
213442
213443
213444
213445
213446
213447
21345
213454
213455
213456
213457
21346
213464
213465
213466
213467
2135
21353
213533
213535
213536
213537
21354
213544
213545
213546
213547
21355
213551
213552
213553
213554
213555
213556
213557
21356
213565
213566
213567
2136
21363
213633
213636
213637
21364
213644
213646
213647
21365
213655
213656
213657
21366
213661
213662
213663
213664
213665
213666
213667
2137
21373
213733
213737
21374
213744
213747
21375
213755
213757
21376
213766
213767
21377
213771
213772
213773
213774
213775
213776
213777
214
2141
21411
214111
214112
214113
214114
214115
214116
214117
21414
214141
214142
214143
214144
214145
214146
214147
21415
214151
214152
214153
214154
214155
214156
214157
21416
214161
214162
214163
214164
214165
214166
214167
2142
21422
214221
214222
214223
214224
214225
214226
214227
21424
214242
214243
214244
214245
214246
214247
21425
214252
214253
214254
214255
214256
214257
21426
214262
214263
214264
214265
214266
214267
2143
21433
214331
214332
214333
214334
214335
214336
214337
21434
214343
214344
214345
214346
214347
21435
214353
214354
214355
214356
214357
21436
214363
214364
214365
214366
214367
2144
21441
214414
21442
214424
21443
214434
21444
214441
214442
214443
214444
214445
214446
214447
21445
214454
214455
214456
214457
21446
214464
214465
214466
214467
2145
21454
214544
214545
214546
214547
21455
214551
214552
214553
214554
214555
214556
214557
21456
214565
214566
2146
21464
214644
214646
214647
21465
214655
214656
214657
21466
214661
214662
214663
214664
214665
214666
214667
2147
21474
214744
214747
21475
214755
214757
21476
21477
214771
214772
214773
214774
214775
214776
214777
215
2151
21511
215111
215112
215113
215114
215115
215116
215117
21515
215151
215152
215153
215154
215155
215156
215157
21516
215161
215162
215163
215164
215165
215166
2152
21522
215221
215222
215223
215224
215225
215226
215227
21525
215252
215253
215254
215255
215256
215257
21526
215262
215263
215264
215265
215266
2153
21533
215331
215332
215333
215334
215335
215336
215337
21535
215353
215354
215355
215356
215357
21536
215363
215364
215365
215366
2154
21544
215441
215442
215443
215444
215445
215446
215447
21545
215454
215455
215456
215457
21546
215464
215465
215466
2155
21551
215515
21552
215525
21553
215535
21554
215545
21555
215551
215552
215553
215554
215555
215556
215557
21556
215565
215566
2156
21565
215655
215656
215657
21566
215661
215662
215663
215664
215665
215666
215667
2157
21575
215755
215757
21577
215771
215772
215773
215774
215775
215776
215777
216
2161
21611
216111
216112
216113
216114
216115
216116
216117
21616
216161
216162
216163
216164
216165
216166
2162
21622
216221
216222
216223
216224
216225
216226
216227
21626
216262
216263
216264
216265
216266
2163
21633
216331
216332
216333
216334
216335
216336
216337
21636
216363
216364
216365
216366
2164
21644
216441
216442
216443
216444
216445
216446
216447
21646
216464
216465
216466
2165
21655
216551
216552
216553
216554
216555
216556
21656
216565
216566
2166
21661
216616
21662
216626
21663
216636
21664
216646
21665
216656
21666
216661
216662
216663
216664
216665
216666
2167
22
221
2212
22121
221211
221212
22122
221221
221222
221223
221224
221225
221226
221227
22123
221232
221233
22124
221242
221244
22125
221252
221255
22126
221262
221266
22127
221272
222
2221
22212
222121
222122
222123
222124
222125
222126
222127
2222
22221
222212
22222
222221
222222
222223
222224
222225
222226
222227
22223
222232
222233
222234
222235
222236
222237
22224
222242
222243
222244
222245
222246
222247
22225
222252
222253
222254
222255
222256
222257
22226
222262
222263
222264
222265
222266
22227
222272
2223
22232
222322
222323
222324
222325
222326
222327
22233
222331
222332
222333
222334
222335
222336
222337
22234
222343
222344
222345
222346
222347
22235
222353
222354
222355
222356
222357
22236
222363
222364
222365
222366
2224
22242
222422
222424
222425
222426
222427
22243
222433
222434
222435
222436
222437
22244
222441
222442
222443
222444
222445
222446
222447
22245
222454
222455
222456
222457
22246
222464
222465
222466
2225
22252
222522
222525
222526
222527
22253
222533
222535
222536
222537
22254
222544
222545
222546
222547
22255
222551
222552
222553
222554
222555
222556
222557
22256
222565
222566
2226
22262
222622
222626
222627
22263
222633
222636
222637
22264
222644
222646
222647
22265
222655
222656
222657
22266
222661
222662
222663
222664
222665
222666
222667
2227
22272
222722
222727
22273
222733
222737
22274
222744
222747
22275
222755
222757
22277
222771
222772
222773
222774
222775
222776
222777
223
2232
22322
223221
223222
223223
223224
223225
223226
223227
22323
223232
223233
223234
223235
223236
223237
22324
223242
223243
223244
223245
223246
223247
22325
223252
223253
223254
223255
223256
223257
22326
223262
223263
223264
223265
223266
22327
223272
223273
2233
22331
223313
22332
223323
22333
223332
223333
223334
223335
223336
223337
22334
223343
223344
223345
223346
223347
22335
223353
223354
223355
223356
223357
22336
223363
223364
223365
223366
22337
223373
2234
22343
223433
223434
223435
223436
223437
22344
223442
223443
223444
223445
223446
223447
22345
223454
223455
223456
223457
22346
223464
223465
223466
2235
22353
223533
223535
223536
223537
22354
223544
223545
223546
223547
22355
223552
223553
223554
223555
223556
223557
22356
223565
223566
2236
22363
223633
223636
223637
22364
223644
223646
223647
22365
223655
223656
223657
22366
223662
223663
223664
223665
223666
223667
2237
22373
223733
223737
22374
223744
223747
22375
223755
223757
22377
223772
223773
223774
223775
223776
223777
224
2242
22422
224221
224222
224223
224224
224225
224226
224227
22424
224242
224243
224244
224245
224246
224247
22425
224252
224253
224254
224255
224256
224257
22426
224262
224263
224264
224265
224266
22427
224272
224274
2243
22433
224332
224333
224334
224335
224336
224337
22434
224343
224344
224345
224346
224347
22435
224353
224354
224355
224356
224357
22436
224363
224364
224365
224366
2244
22441
224414
22442
224424
22443
224434
22444
224442
224443
224444
224445
224446
224447
22445
224454
224455
224456
224457
22446
224464
224465
224466
22447
224474
2245
22454
224544
224545
224546
224547
22455
224552
224553
224554
224555
224556
224557
22456
224565
2246
22464
224644
224646
224647
22465
224655
224656
224657
22466
224662
224663
224664
224665
224666
224667
2247
22474
224744
224747
22475
224755
224757
22477
224772
224773
224774
224775
224776
224777
225
2252
22522
225221
225222
225223
225224
225225
225226
225227
22525
225252
225253
225254
225255
225256
225257
22526
225262
225263
225264
225265
225266
22527
225272
225275
2253
22533
225332
225333
225334
225335
225336
225337
22535
225353
225354
225355
225356
225357
22536
225363
225364
225365
2254
22544
225442
225443
225444
225445
225446
225447
22545
225454
225455
225456
225457
22546
225464
225465
2255
22551
225515
22552
225525
22553
225535
22554
225545
22555
225552
225553
225554
225555
225556
225557
22556
225565
22557
225575
2256
22565
225655
225656
225657
22566
225662
225663
225664
225665
225666
225667
2257
22575
225755
225757
22577
225772
225773
225774
225775
225776
225777
226
2262
22622
226221
226222
226223
226224
226225
226226
226227
22626
226262
226263
226264
226265
226266
22627
226272
226276
2263
22633
226332
226333
226334
226335
226336
22636
226363
226364
226365
226366
2264
22644
226442
226443
226444
226445
226446
22646
226464
226465
226466
2265
22655
226552
226553
226554
226555
22656
226565
226566
2266
22661
22662
226626
22663
22664
227
2272
22722
227221
227222
227223
227224
227225
227226
227227
22727
227272
227277
23
232
2322
23221
232212
23222
232222
232223
232224
232225
232226
232227
23223
232232
232233
232234
232235
232236
232237
23224
232242
232243
232244
232245
232246
232247
23225
232252
232253
232254
232255
232256
232257
23226
232262
232263
232264
232265
23227
232272
2323
23232
232322
232323
232324
232325
232326
232327
23233
232331
232332
232333
232334
232335
232336
232337
23234
232343
232344
232345
232346
232347
23235
232353
232354
232355
232356
232357
23236
232363
232364
232365
2324
23242
232422
232424
232425
232426
232427
23243
232433
232434
232435
232436
232437
23244
232442
232443
232444
232445
232446
232447
23245
232454
232455
232456
232457
23246
232464
232465
2325
23252
232522
232525
232526
232527
23253
232533
232535
232536
232537
23254
232544
232545
232546
232547
23255
232552
232553
232554
232555
232556
232557
23256
232565
2326
23262
232622
232626
232627
23263
232633
232636
232637
23264
232644
232646
232647
23265
232655
232656
232657
23266
232662
232663
232664
232665
232666
232667
2327
23272
232722
232727
23273
232733
232737
23274
232744
232747
23275
232755
232757
23277
232772
232773
232774
232775
232776
232777
233
2331
23313
233131
233132
233133
233134
233135
233136
233137
2332
23323
233232
233233
233234
233235
233236
233237
2333
23332
233323
23333
233331
233332
233333
233334
233335
233336
233337
23334
233343
233344
233345
233346
233347
23335
233353
233354
233355
233356
233357
23336
233363
233364
233365
2334
23343
233433
233434
233435
233436
233437
23344
233441
233442
233443
233444
233445
233446
233447
23345
233454
233455
233456
233457
23346
233464
233465
2335
23353
233533
233535
233536
233537
23354
233544
233545
233546
233547
23355
233551
233552
233553
233554
233555
233556
233557
23356
233565
2336
23363
233633
233636
233637
23364
233644
233646
233647
23365
233655
233656
233657
23366
233661
233662
233663
233664
233665
233666
233667
2337
23373
233733
233737
23374
233744
233747
23375
233755
233757
23377
233771
233772
233773
233774
233775
233776
233777
234
2343
23433
234331
234332
234333
234334
234335
234336
234337
23434
234343
234344
234345
234346
234347
23435
234353
234354
234355
234356
234357
23436
234363
234364
234365
2344
23442
234424
23443
234434
23444
234443
234444
234445
234446
234447
23445
234454
234455
234456
234457
23446
234464
234465
2345
23454
234544
234545
234546
234547
23455
234553
234554
234555
234556
234557
23456
2346
23464
234644
234646
234647
23465
234655
234656
234657
23466
234663
234664
234665
234666
234667
2347
23474
234744
234747
23475
234755
234757
23477
234773
234774
234775
234776
234777
235
2353
23533
235331
235332
235333
235334
235335
235336
235337
23535
235353
235354
235355
235356
235357
23536
235363
235364
235365
2354
23544
235443
235444
235445
235446
235447
23545
235454
235455
235456
235457
23546
235464
235465
2355
23552
235525
23553
235535
23554
235545
23555
235553
235554
235555
235556
235557
23556
235565
2356
23565
235655
235656
235657
23566
235663
235664
235665
235666
235667
2357
23575
235755
235757
23577
235773
235774
235775
235776
235777
236
2363
23633
236331
236332
236333
236334
236335
236336
236337
23636
236363
236364
236366
2364
23644
236443
236444
236445
23646
236464
236466
2365
24
242
2422
24221
242212
24222
242222
242224
242225
242226
242227
24223
242232
242233
242234
242235
242236
242237
24224
242242
242244
242245
242246
242247
24225
242252
242254
242255
242256
242257
24226
242262
242264
24227
242272
2424
24242
242422
242424
242425
242426
242427
24243
242433
242434
242435
242436
242437
24244
242441
242442
242443
242444
242445
242446
242447
24245
242454
242455
242456
242457
24246
242464
2425
24252
242522
242525
242526
242527
24253
242533
242535
242536
242537
24254
242544
242545
242546
242547
24255
242552
242554
242555
242556
242557
2426
24262
242622
242626
242627
24263
242633
242636
242637
24264
242644
242646
242647
24265
242655
242656
242657
24266
242662
242664
242665
242666
242667
2427
24272
242722
242727
24273
242733
242737
24274
242744
242747
24275
242755
242757
24277
242772
242774
242775
242776
242777
243
2433
24332
243323
24333
243333
243334
243335
243336
243337
24334
243343
243344
243345
243346
243347
24335
243353
243354
243355
243356
243357
24336
243363
243364
2434
24343
243433
243434
243435
243436
243437
24344
243441
243442
243443
243444
243445
243446
243447
24345
243454
243455
243456
243457
24346
243464
2435
24353
243533
243535
243536
243537
24354
243544
243545
243546
243547
24355
243553
243554
243555
243556
243557
2436
24363
243633
243636
243637
24364
243644
243646
243647
24365
243655
243656
243657
24366
243663
243664
243665
243666
243667
2437
24373
243733
243737
24374
243744
243747
24375
243755
243757
24377
243773
243774
243775
243776
243777
244
2441
24414
244141
244142
244143
244144
244145
244146
244147
2442
24424
244242
244243
244244
244245
244246
244247
2443
24434
244343
244344
244345
244346
244347
2444
24442
244424
24443
244434
24444
244441
244442
244443
244444
244445
244446
244447
24445
244454
244455
244456
244457
24446
244464
2445
24454
244544
244545
244546
244547
24455
244551
244552
244553
244554
244555
244556
244557
2446
24464
244644
244646
244647
24465
244655
244656
244657
24466
244661
244662
244663
244664
244665
244666
244667
2447
24474
244744
244747
24475
244755
244757
24477
244771
244772
244773
244774
244775
244776
244777
245
2454
24544
245441
245442
245443
245444
245445
245446
245447
24545
245454
245455
245456
245457
2455
24552
245525
24553
245535
24554
245545
24555
245554
245555
245556
245557
2456
24565
245655
245656
245657
24566
245664
245665
245666
245667
2457
24575
245755
245757
24577
245774
245775
245776
245777
246
2464
24644
246441
246442
246443
246444
25
252
2522
25221
252212
25222
252222
252225
252226
252227
25223
252232
252233
252235
252236
252237
25224
252242
252244
252245
252246
252247
25225
252252
252255
252256
252257
25226
252262
25227
252272
2525
25252
252522
252525
252526
252527
25253
252533
252535
252536
252537
25254
252544
252545
252546
252547
25255
252551
252552
252553
252554
252555
252556
252557
2526
25262
252622
252626
252627
25263
252633
252636
252637
25264
252644
252646
252647
25265
252655
252656
252657
25266
252662
252665
252666
252667
2527
25272
252722
252727
25273
252733
252737
25274
252744
252747
25275
252755
252757
25277
252772
252775
252776
252777
253
2533
25332
253323
25333
253333
253335
253336
253337
25334
253343
253344
253345
253346
253347
25335
253353
253355
253356
253357
2535
25353
253533
253535
253536
253537
25354
253544
253545
253546
253547
25355
253551
253552
253553
253554
253555
253556
253557
2536
25363
253633
253636
253637
25364
253644
253646
253647
25365
253655
253656
253657
25366
253663
253665
253666
253667
2537
25373
253733
253737
25374
253744
253747
25375
253755
253757
25377
253773
253775
253776
253777
254
2544
25442
254424
25443
254434
25444
254444
254445
254446
254447
25445
254454
254455
254456
254457
2545
25454
254544
254545
254546
254547
25455
254551
254552
254553
254554
254555
254556
254557
2546
25464
254644
254646
254647
25465
254655
254656
254657
25466
254664
254665
254666
254667
2547
25474
254744
254747
25475
254755
254757
25477
254774
254775
254776
254777
255
2551
25515
255151
255152
255153
255154
255155
255156
255157
2552
25525
255252
255253
255254
255255
255256
255257
2553
25535
255353
255354
255355
255356
255357
2554
25545
255454
255455
255456
255457
2555
25552
255525
25553
255535
25554
255545
25555
255551
255552
255553
255554
255555
255556
255557
2556
25565
255655
255656
255657
25566
255661
255662
255663
255664
255665
255666
255667
2557
25575
255755
255757
25577
255771
255772
255773
255774
255775
255776
255777
26
262
2622
26221
262212
26222
262222
262226
262227
26223
262232
262233
262236
262237
26224
262242
262244
262246
262247
26225
262252
262255
262256
262257
26226
262262
262266
262267
26227
262272
2626
26262
262622
262626
262627
26263
262633
262636
262637
26264
262644
262646
262647
26265
262655
262656
262657
26266
262661
262662
262663
262664
262665
262666
262667
2627
26272
262722
262727
26273
262733
262737
26274
262744
262747
26275
262755
262757
26276
262766
262767
26277
262772
262776
262777
263
2633
26332
263323
26333
263333
263336
263337
26334
263343
263344
263346
263347
26335
263353
263355
263356
263357
26336
263363
263366
263367
2636
26363
263633
263636
263637
26364
263644
263646
263647
26365
263655
263656
263657
26366
263661
263662
263663
263664
263665
263666
263667
2637
26373
263733
263737
26374
263744
263747
26375
263755
263757
26376
263766
263767
26377
263773
263776
263777
264
2644
26442
264424
26443
264434
26444
264444
264446
264447
26445
264454
264455
264456
264457
26446
264464
264466
264467
2646
26464
264644
264646
264647
26465
264655
264656
264657
26466
264661
264662
264663
264664
264665
264666
264667
2647
26474
264744
264747
26475
264755
264757
26476
264766
264767
26477
264774
264776
264777
265
2655
26552
265525
26553
265535
26554
265545
26555
265555
265556
265557
26556
265565
265566
265567
2656
26565
265655
265656
265657
26566
265661
265662
265663
265664
265665
265666
265667
2657
26575
265755
265757
26576
265766
265767
26577
265775
265776
265777
266
2661
26616
266161
266162
266163
266164
266165
266166
266167
2662
26626
266262
266263
266264
266265
266266
266267
2663
26636
266363
266364
266365
266366
266367
2664
26646
266464
266465
266466
266467
2665
26656
266565
266566
266567
2666
26662
266626
26663
266636
26664
266646
26665
266656
26666
266661
266662
266663
266664
266665
266666
266667
2667
26676
266766
266767
26677
266771
266772
266773
266774
266775
266776
266777
27
272
2722
27221
272212
27222
272222
272227
27223
272232
272233
272237
27224
272242
272244
272247
27225
272252
272255
272257
27226
272262
27227
272272
272277
2727
27272
272722
272727
27273
272733
272737
27274
272744
272747
27275
272755
272757
27277
272771
272772
272773
272774
272775
272776
272777
273
2733
27332
273323
27333
273333
273337
27334
273343
273344
273347
27335
273353
273355
273357
27337
273373
273377
2737
27373
273733
273737
27374
273744
273747
27375
273755
273757
27377
273771
273772
273773
273774
273775
273776
273777
274
2744
27442
274424
27443
274434
27444
274444
274447
27445
274454
274455
274457
27447
274474
274477
2747
27474
274744
274747
27475
274755
274757
27477
274771
274772
274773
274774
274775
274776
274777
275
2755
27552
275525
27553
275535
27554
275545
27555
275555
275557
27557
275575
275577
2757
27575
275755
275757
27577
275771
275772
275773
275774
275775
275776
275777
277
2771
27717
277171
277172
277173
277174
277175
277176
277177
2772
27727
277272
277273
277274
277275
277276
277277
2773
27737
277373
277374
277375
277376
277377
2774
27747
277474
277475
277476
277477
2775
27757
277575
277576
277577
2776
27767
277676
277677
2777
27772
277727
27773
277737
27774
277747
27775
277757
27777
277771
277772
277773
277774
277775
277776
277777
3
31
311
3111
31111
311111
311112
311113
311114
311115
311116
311117
31113
311131
311132
311133
311134
311135
311136
311137
31114
311141
311142
311143
311144
311145
311146
311147
31115
311151
311152
311153
311154
311155
311156
311157
3112
31121
311211
311212
311213
311214
311215
311216
311217
31122
311221
311222
311223
311224
311225
311226
311227
31123
311232
311233
311234
311235
311236
311237
31124
311242
311243
311244
311245
311246
311247
31125
311252
311253
311254
311255
311256
311257
3113
31131
311311
311313
311314
311315
311316
311317
31133
311331
311332
311333
311334
311335
311336
311337
31134
311343
311344
311345
311346
311347
31135
311353
311354
311355
311356
311357
3114
31141
311411
311414
311415
311416
311417
31143
311433
311434
311435
311436
311437
31144
311441
311442
311443
311444
311445
311446
311447
31145
311454
311455
311456
311457
3115
31151
311511
311515
311516
311517
31153
311533
311535
311536
311537
31154
311544
311545
311546
311547
31155
311551
311552
311553
311554
311555
311556
311557
3116
31161
311611
311616
311617
31163
311633
311636
311637
31164
311644
311646
311647
31165
311655
311656
311657
31166
311661
311662
311663
311664
311665
311666
311667
3117
31171
311711
311717
31173
311733
311737
31174
311744
311747
31175
311755
311757
31177
311771
311772
311773
311774
311775
311776
311777
313
3131
31311
313111
313112
313113
313114
313115
313116
313117
31313
313131
313132
313133
313134
313135
313136
313137
31314
313141
313142
313143
313144
313145
313146
313147
31315
313151
313152
313153
313154
313155
313156
313157
3132
31322
313221
313222
313223
313224
313225
313226
313227
31323
313232
313233
313234
313235
313236
313237
31324
313242
313243
313244
313245
313246
313247
31325
313252
313253
313254
313255
313256
313257
3133
31331
313313
31332
313323
31333
313331
313332
313333
313334
313335
313336
313337
31334
313343
313344
313345
313346
313347
31335
313353
313354
313355
313356
313357
31336
313363
31337
313373
3134
31343
313433
313434
313435
313436
313437
31344
313441
313442
313443
313444
313445
313446
313447
31345
313454
313455
313456
313457
3135
31353
313533
313535
313536
313537
31354
313544
313545
313546
313547
31355
313551
313552
313553
313554
313555
313556
313557
3136
31363
313633
313636
313637
31364
313644
313646
313647
31365
313655
313656
313657
31366
313661
313662
313663
313664
313665
313666
313667
3137
31373
313733
313737
31374
313744
313747
31375
313755
313757
31377
313771
313772
313773
313774
313775
313776
313777
314
3141
31411
314111
314112
314113
314114
314115
314116
314117
31414
314141
314142
314143
314144
314145
314146
314147
31415
314151
314152
314153
314154
314155
314156
314157
3142
31422
314221
314222
314223
314224
314225
314226
314227
31424
314242
314243
314244
314245
314246
314247
31425
314252
314253
314254
314255
314256
314257
3143
31433
314331
314332
314333
314334
314335
314336
314337
31434
314343
314344
314345
314346
314347
31435
314353
314354
314355
314356
314357
3144
31441
314414
31443
314434
31444
314441
314442
314443
314444
314445
314446
314447
31445
314454
314455
314456
314457
3145
31454
314544
314545
314546
314547
31455
314551
314552
314553
314554
314555
314556
314557
3146
31464
314644
314646
314647
31465
314655
314656
31466
314661
314662
314663
314664
314665
314666
314667
3147
31474
314744
314747
31475
31477
314771
314772
314773
314774
314775
314776
314777
315
3151
31511
315111
315112
315113
315114
315115
315116
315117
31515
315151
315152
315153
315154
315155
315156
3152
31522
315221
315222
315223
315224
315225
315226
315227
31525
315252
315253
315254
315255
315256
3153
31533
315331
315332
315333
315334
315335
315336
315337
31535
315353
315354
315355
315356
3154
31544
315441
315442
315443
315444
315445
315446
315447
31545
315454
315455
315456
3155
31551
315515
31553
315535
31554
315545
31555
315551
315552
315553
315554
315555
315556
3156
31565
315655
315656
31566
315661
315662
315663
315664
315665
315666
3157
32
322
3221
32212
322121
322122
322123
322124
322125
322126
322127
3222
32222
322221
322222
322223
322224
322225
322226
322227
32223
322232
322233
322234
322235
322236
322237
32224
322242
322243
322244
322245
322246
322247
32225
322252
322253
322254
322255
322256
3223
32232
322322
322323
322324
322325
322326
322327
32233
322331
322332
322333
322334
322335
322336
322337
32234
322343
322344
322345
322346
322347
32235
322353
322354
322355
322356
3224
32242
322422
322424
322425
322426
322427
32243
322433
322434
322435
322436
322437
32244
322441
322442
322443
322444
322445
322446
322447
32245
322454
322455
322456
3225
32252
322522
322525
322526
322527
32253
322533
322535
322536
322537
32254
322544
322545
322546
322547
32255
322551
322552
322553
322554
322555
322556
322557
3226
32262
322622
322626
322627
32263
322633
322636
322637
32264
322644
322646
322647
32265
322655
322656
32266
322661
322662
322663
322664
322665
322666
322667
3227
32272
322722
322727
32273
322733
322737
32274
322744
322747
32277
322771
322772
322773
322774
322775
322776
322777
323
3232
32322
323221
323222
323223
323224
323225
323226
323227
32323
323232
323233
323234
323235
323236
323237
32324
323242
323243
323244
323245
323246
323247
32325
323252
323253
323254
323255
323256
3233
32331
323313
32332
323323
32333
323332
323333
323334
323335
323336
323337
32334
323343
323344
323345
323346
323347
32335
323353
323354
323355
323356
32336
323363
32337
323373
3234
32343
323433
323434
323435
323436
323437
32344
323442
323443
323444
323445
323446
323447
32345
323454
323455
323456
3235
32353
323533
323535
323536
323537
32354
323544
323545
323546
323547
32355
323552
323553
323554
323555
323556
323557
3236
32363
323633
323636
323637
32364
323644
323646
323647
32365
323655
323656
32366
323662
323663
323664
323665
323666
323667
3237
32373
323733
323737
32374
323744
323747
32377
323772
323773
323774
323775
323776
323777
324
3242
32422
324221
324222
324223
324224
324225
324226
324227
32424
324242
324243
324244
324245
324246
324247
32425
324252
324253
324254
324255
324256
3243
32433
324332
324333
324334
324335
324336
324337
32434
324343
324344
324345
324346
324347
32435
324353
324354
324355
324356
3244
32442
324424
32443
324434
32444
324442
324443
324444
324445
324446
324447
32445
324454
324455
324456
3245
32454
324544
324545
324546
324547
32455
324552
324553
324554
324555
324556
324557
3246
32464
324644
324646
324647
32465
32466
324662
324663
324664
324665
324666
324667
3247
32474
324744
324747
32477
324772
324773
324774
324775
324776
324777
325
3252
32522
325221
325222
325223
325224
325225
325226
325227
32525
325252
325253
325254
325255
3253
32533
325332
325333
325334
325335
325336
32535
325353
325354
325355
3254
32544
325442
325443
325444
325445
325446
32545
325454
325455
3255
32552
325525
32553
325535
32554
325545
32555
325552
325553
325554
325555
3256
33
331
3313
33131
331311
331313
33132
331323
33133
331331
331332
331333
331334
331335
331336
331337
33134
331343
331344
33135
331353
331355
33136
331363
33137
331373
332
3323
33232
332322
332323
33233
332331
332332
332333
332334
332335
332336
332337
33234
332343
332344
33235
332353
332355
33236
332363
33237
332373
333
3331
33313
333131
333132
333133
333134
333135
333136
333137
3332
33323
333232
333233
333234
333235
333236
333237
3333
33331
333313
33332
333323
33333
333331
333332
333333
333334
333335
333336
333337
33334
333343
333344
333345
333346
333347
33335
333353
333354
333355
33336
333363
33337
333373
3334
33343
333433
333434
333435
333436
333437
33344
333441
333442
333443
333444
333445
333446
333447
33345
333454
333455
3335
33353
333533
333535
333536
333537
33354
333544
333545
333546
333547
33355
333551
333552
333553
333554
333555
333556
333557
3336
33363
333633
333636
333637
33364
333644
333646
333647
33366
333661
333662
333663
333664
333665
333666
333667
3337
33373
333733
333737
33374
333744
333747
33377
333771
333772
333773
333774
333775
333776
333777
334
3343
33433
334331
334332
334333
334334
334335
334336
334337
33434
334343
334344
334345
334346
334347
33435
334353
334354
334355
33436
334363
334364
33437
334373
334374
3344
33441
334414
33442
334424
33443
334434
33444
334443
334444
334445
334446
334447
33445
334454
334455
33446
334464
33447
334474
3345
33454
334544
334545
334546
334547
33455
334553
334554
334555
334556
334557
3346
33464
334644
334646
334647
33466
334663
334664
334665
334666
334667
3347
33474
334744
334747
33477
334773
334774
334775
334776
334777
335
3353
33533
335331
335332
335333
335334
335335
335336
335337
33535
335353
335354
335355
33536
335363
335365
33537
335373
335375
3354
33544
335443
335444
335445
33545
335454
335455
3355
33551
33552
33553
335535
33554
336
3363
33633
336331
336332
336333
336334
336335
336336
336337
33636
336363
336366
33637
336373
337
3373
33733
337331
337332
337333
337334
337335
337336
337337
33737
337373
337377
34
343
3433
34331
343313
34332
343323
34333
343333
343334
343335
343336
343337
34334
343343
343344
343345
343346
343347
34335
343353
343354
34336
343363
34337
343373
3434
34343
343433
343434
343435
343436
343437
34344
343441
343442
343443
343444
343445
343446
343447
34345
343454
3435
34353
343533
343535
343536
343537
34354
343544
343545
343546
343547
34355
343553
343554
343555
343556
343557
3436
34363
343633
343636
343637
34364
343644
343646
343647
34366
343663
343664
343665
343666
343667
3437
34373
343733
343737
34374
343744
343747
34377
343773
343774
343775
343776
343777
344
3441
34414
344141
344142
344143
344144
344145
344146
344147
3442
34424
344242
344243
344244
344245
344246
344247
3443
34434
344343
344344
344345
344346
344347
3444
34443
344434
34444
344441
344442
344443
344444
344445
344446
344447
34445
344454
3445
34454
344544
344545
344546
344547
34455
344551
344552
344553
344554
344555
344556
344557
3446
34464
344644
344646
344647
34466
344661
344662
344663
344664
344665
344666
344667
3447
34474
344744
344747
34477
344771
344772
344773
344774
344775
344776
344777
345
3454
34544
345441
345442
345443
345444
35
353
3533
35331
353313
35332
353323
35333
353333
353335
353336
353337
35334
353343
353344
353345
353346
353347
35335
353353
353355
353356
353357
35336
353363
35337
353373
3535
35353
353533
353535
353536
353537
35354
353544
353545
353546
353547
35355
353551
353552
353553
353554
353555
353556
353557
3536
35363
353633
353636
353637
35364
353644
353646
353647
35365
353655
353656
353657
35366
353663
353665
353666
353667
3537
35373
353733
353737
35374
353744
353747
35375
353755
353757
35377
353773
353775
353776
353777
354
3544
35443
354434
35444
354444
354445
354446
354447
35445
354454
354455
354456
354457
3545
35454
354544
354545
354546
354547
35455
354551
354552
354553
354554
354555
354556
354557
3546
35464
354644
354646
354647
35465
354655
354656
354657
35466
354664
354665
354666
354667
3547
35474
354744
354747
35475
354755
354757
35477
354774
354775
354776
354777
355
3551
35515
355151
355152
355153
355154
355155
355156
355157
3552
35525
355252
355253
355254
355255
355256
355257
3553
35535
355353
355354
355355
355356
355357
3554
35545
355454
355455
355456
355457
3555
35553
355535
35554
355545
35555
355551
355552
355553
355554
355555
355556
355557
3556
35565
355655
355656
355657
35566
355661
355662
355663
355664
355665
355666
355667
3557
35575
355755
355757
35577
355771
355772
355773
355774
355775
355776
355777
36
363
3633
36331
363313
36332
363323
36333
363333
363336
363337
36334
363343
363344
363346
363347
36335
363353
36336
363363
363366
363367
36337
363373
3636
36363
363633
363636
363637
36364
363644
363646
363647
36366
363661
363662
363663
363664
363665
363666
363667
3637
36373
363733
363737
36374
363744
363747
36376
363766
363767
36377
363773
363776
363777
364
3644
36443
364434
36444
364444
364446
364447
36446
364464
364466
364467
3646
36464
364644
364646
364647
36466
364661
364662
364663
364664
364665
364666
364667
3647
36474
364744
364747
36476
364766
364767
36477
364774
364776
364777
366
3661
36616
366161
366162
366163
366164
366165
366166
366167
3662
36626
366262
366263
366264
366265
366266
366267
3663
36636
366363
366364
366365
366366
366367
3664
36646
366464
366465
366466
366467
3665
36656
366565
366566
366567
3666
36663
366636
36664
366646
36666
366661
366662
366663
366664
366665
366666
366667
3667
36676
366766
366767
36677
366771
366772
366773
366774
366775
366776
366777
37
373
3733
37331
373313
37332
373323
37333
373333
373337
37334
373343
373344
373347
37335
373353
37336
373363
37337
373373
373377
3737
37373
373733
373737
37374
373744
373747
37377
373771
373772
373773
373774
373775
373776
373777
374
3744
37443
374434
37444
374444
374447
37447
374474
374477
3747
37474
374744
374747
37477
374771
374772
374773
374774
374775
374776
374777
377
3771
37717
377171
377172
377173
377174
377175
377176
377177
3772
37727
377272
377273
377274
377275
377276
377277
3773
37737
377373
377374
377375
377376
377377
3774
37747
377474
377475
377476
377477
3775
37757
377575
377576
377577
3776
37767
377676
377677
3777
37773
377737
37774
377747
37777
377771
377772
377773
377774
377775
377776
377777
4
41
411
4111
41111
411111
411112
411113
411114
411115
411116
411117
41114
411141
411142
411143
411144
411145
411146
411147
4112
41121
411211
411212
411213
411214
411215
411216
411217
41122
411221
411222
411223
411224
411225
411226
411227
41124
411242
411243
411244
411245
411246
411247
4113
41131
411311
411313
411314
411315
411316
411317
41133
411331
411332
411333
411334
411335
411336
411337
41134
411343
411344
411345
411346
411347
4114
41141
411411
411414
411415
411416
411417
41144
411441
411442
411443
411444
411445
411446
411447
4115
41151
411511
411515
411516
411517
41154
411544
411545
411546
411547
41155
411551
411552
411553
411554
411555
411556
411557
4116
41161
411611
411616
411617
41164
411644
411646
411647
41166
411661
411662
411663
411664
411665
411666
411667
4117
41171
411711
411717
41174
411744
411747
41177
411771
411772
411773
411774
414
4141
41411
414111
414112
414113
414114
414115
414116
414117
41414
414141
414142
414143
414144
414145
414146
414147
4142
41422
414221
414222
414223
414224
414225
414226
414227
41424
414242
414243
414244
414245
414246
414247
4143
41433
414331
414332
414333
414334
414335
414336
414337
41434
414343
414344
414345
414346
414347
4144
41441
414414
41442
414424
41443
414434
41444
414441
414442
414443
414444
414445
414446
414447
41445
414454
41446
414464
41447
414474
4145
41454
414544
414545
414546
41455
414551
414552
414553
414554
414555
414556
4146
41464
414644
414646
41466
414661
414662
414663
414664
414665
414666
4147
41474
414744
42
422
4221
42212
422121
422122
422123
422124
422125
422126
422127
4222
42222
422221
422222
422223
422224
422225
422226
422227
42224
422242
422243
422244
422245
422246
4223
42232
422322
422323
422324
422325
422326
422327
42233
422331
422332
422333
422334
422335
422336
422337
42234
422343
422344
422345
422346
4224
42242
422422
422424
422425
422426
422427
42244
422441
422442
422443
422444
422445
422446
422447
4225
42252
422522
422525
422526
422527
42254
422544
422545
422546
42255
422551
422552
422553
422554
422555
422556
422557
4226
42262
422622
422626
422627
42264
422644
422646
42266
422661
422662
422663
422664
4227
42272
422722
422727
424
4242
42422
424221
424222
424223
424224
424225
424226
424227
42424
424242
424243
424244
424245
424246
4243
42433
424332
424333
424334
424335
424336
42434
424343
424344
424345
424346
4244
42441
424414
42442
424424
42443
424434
42444
424442
424443
424444
424445
424446
42445
424454
42446
424464
42447
424474
4245
42454
424544
424545
42455
424552
424553
424554
424555
4246
42464
424644
43
433
4331
43313
433131
433132
433133
433134
433135
433136
433137
4332
43323
433232
433233
433234
433235
433236
433237
4333
43333
433331
433332
433333
433334
433335
433336
433337
43334
433343
433344
433345
4334
43343
433433
433434
433435
433436
433437
43344
433441
433442
433443
433444
433445
433446
433447
4335
43353
433533
433535
433536
433537
43354
433544
433545
43355
433551
433552
433553
433554
4336
43363
433633
433636
433637
4337
43373
433733
433737
434
4343
43433
434331
434332
434333
434334
434335
434336
434337
43434
434343
434344
434345
4344
43441
434414
43442
434424
43443
434434
43444
434443
434444
434445
43445
434454
43446
434464
43447
434474
4345
43454
434544
44
441
4414
44141
441411
441414
44142
441424
44143
441434
44144
441441
441442
441443
441444
441445
441446
441447
44145
441454
44146
441464
44147
441474
442
4424
44242
442422
442424
44243
442434
44244
442441
442442
442443
442444
442445
442446
442447
44245
442454
44246
442464
443
4434
44343
443433
443434
44344
443441
443442
443443
443444
443445
443446
443447
44345
443454
444
4441
44414
444141
444142
444143
444144
444145
444146
444147
4442
44424
444242
444243
444244
444245
444246
4443
44434
444343
444344
444345
4444
44441
444414
44442
444424
44443
444434
44444
444441
444442
444443
444444
